<?xml version="1.0" encoding="UTF-8"?>
<!DOCTYPE svg PUBLIC "-//W3C//DTD SVG 1.1//EN" "http://www.w3.org/Graphics/SVG/1.1/DTD/svg11.dtd">
<!-- Creator: CorelDRAW -->
<svg xmlns="http://www.w3.org/2000/svg" xml:space="preserve" width="2048px" height="2048px" style="shape-rendering:geometricPrecision; text-rendering:geometricPrecision; image-rendering:optimizeQuality; fill-rule:evenodd; clip-rule:evenodd"
viewBox="0 0 2048 2048"
 xmlns:xlink="http://www.w3.org/1999/xlink">
 <defs>
  <style type="text/css">
   <![CDATA[
    .fil1 {fill:none}
    .fil0 {fill:#212121;fill-rule:nonzero}
   ]]>
  </style>
 </defs>
 <g id="Layer_x0020_1">
  <metadata id="CorelCorpID_0Corel-Layer"/>
  <g id="_557075648">
   <path id="_557068880" class="fil0" d="M1024 641.686c190.648,0 365.385,38.7071 499.829,102.698 140.535,66.8906 238.28,162.217 267.046,271.488l0.0720473 -0.0188977c1.69016,6.4193 1.30512,12.8965 -0.740552,18.7205 -29.5736,108.246 -126.895,202.653 -266.378,269.042 -134.444,63.991 -309.181,102.698 -499.829,102.698 -190.648,0 -365.385,-38.7071 -499.829,-102.698 -140.534,-66.8906 -238.28,-162.219 -267.046,-271.49l-0.0720473 0.0188977c-1.69016,-6.4193 -1.30512,-12.8965 0.740552,-18.7205 29.5736,-108.246 126.894,-202.651 266.378,-269.041 134.444,-63.991 309.181,-102.698 499.829,-102.698zm472.328 160.449c-126.261,-60.0957 -291.324,-96.4477 -472.328,-96.4477 -181.004,0 -346.067,36.352 -472.328,96.4477 -120.046,57.1382 -203.877,134.936 -230.482,221.864 26.6044,86.928 110.436,164.727 230.482,221.866 126.261,60.0957 291.324,96.4477 472.328,96.4477 181.004,0 346.067,-36.352 472.328,-96.4477 120.046,-57.1382 203.877,-134.938 230.482,-221.866 -26.6044,-86.928 -110.436,-164.726 -230.482,-221.864z"/>
   <path id="_557068616" class="fil0" d="M1024 817.246c57.0886,0 108.778,23.1437 146.195,60.5599 37.4162,37.4162 60.5599,89.106 60.5599,146.195 0,57.0886 -23.1437,108.778 -60.5599,146.195 -37.4162,37.4162 -89.106,60.5599 -146.195,60.5599 -57.0886,0 -108.778,-23.1437 -146.195,-60.5599 -37.4162,-37.4162 -60.5599,-89.106 -60.5599,-146.195 0,-57.0886 23.1437,-108.778 60.5599,-146.195 37.4162,-37.4162 89.106,-60.5599 146.195,-60.5599zm100.944 105.81c-25.8307,-25.8307 -61.5201,-41.8087 -100.944,-41.8087 -39.424,0 -75.1134,15.978 -100.944,41.8087 -25.8307,25.8307 -41.8087,61.5201 -41.8087,100.944 0,39.424 15.978,75.1134 41.8087,100.944 25.8307,25.8307 61.5201,41.8087 100.944,41.8087 39.424,0 75.1134,-15.978 100.944,-41.8087 25.8307,-25.8307 41.8087,-61.5201 41.8087,-100.944 0,-39.424 -15.978,-75.1134 -41.8087,-100.944z"/>
   <path id="_557068808" class="fil0" d="M1293.44 611.817c4.6252,-16.9819 -5.39292,-34.5 -22.3748,-39.1252 -16.9819,-4.6252 -34.5,5.39292 -39.1252,22.3748l-19.0689 69.8611c-4.6252,16.9819 5.39292,34.5 22.3748,39.1252 16.9819,4.6252 34.5,-5.39292 39.1252,-22.3748l19.0689 -69.8611z"/>
   <path id="_557068832" class="fil0" d="M1501.93 666.086c4.48701,-17.0516 -5.69882,-34.513 -22.7504,-39 -17.0516,-4.48701 -34.513,5.69882 -39,22.7504l-18.4028 69.9815c-4.48701,17.0516 5.69882,34.513 22.7504,39 17.0516,4.48701 34.513,-5.69882 39,-22.7504l18.4028 -69.9815z"/>
   <path id="_557068496" class="fil0" d="M1699.12 766.31c4.55552,-17.0516 -5.57363,-34.5697 -22.6252,-39.1252 -17.0516,-4.55552 -34.5697,5.57363 -39.1252,22.6252l-18.1925 67.8969c-4.55552,17.0516 5.57363,34.5697 22.6252,39.1252 17.0516,4.55552 34.5697,-5.57363 39.1252,-22.6252l18.1925 -67.8969z"/>
   <path id="_557069120" class="fil0" d="M817.412 595.067c-4.6252,-16.9819 -22.1433,-27 -39.1252,-22.3748 -16.9819,4.6252 -27,22.1433 -22.3748,39.1252l19.0689 69.8611c4.6252,16.9819 22.1433,27 39.1252,22.3748 16.9819,-4.6252 27,-22.1433 22.3748,-39.1252l-19.0689 -69.8611z"/>
   <path id="_557068736" class="fil0" d="M609.178 649.836c-4.48701,-17.0516 -21.9484,-27.2374 -39,-22.7504 -17.0516,4.48701 -27.2374,21.9484 -22.7504,39l18.4028 69.9815c4.48701,17.0516 21.9484,27.2374 39,22.7504 17.0516,-4.48701 27.2374,-21.9484 22.7504,-39l-18.4028 -69.9815z"/>
   <path id="_557076176" class="fil0" d="M411.985 749.81c-4.55552,-17.0516 -22.0736,-27.1807 -39.1252,-22.6252 -17.0516,4.55552 -27.1807,22.0736 -22.6252,39.1252l18.1925 67.8969c4.55552,17.0516 22.0736,27.1807 39.1252,22.6252 17.0516,-4.55552 27.1807,-22.0736 22.6252,-39.1252l-18.1925 -67.8969z"/>
   <path id="_557076104" class="fil0" d="M1056 570.265c0,-17.6728 -14.328,-32.0008 -32.0008,-32.0008 -17.6728,0 -32.0008,14.328 -32.0008,32.0008l0 79.4705c0,17.6728 14.328,32.0008 32.0008,32.0008 17.6728,0 32.0008,-14.328 32.0008,-32.0008l0 -79.4705z"/>
   <path id="_557076464" class="fil0" d="M1231.94 1452.93c4.6252,16.9819 22.1433,27 39.1252,22.3748 16.9819,-4.6252 27,-22.1433 22.3748,-39.1252l-19.0689 -69.8599c-4.6252,-16.9819 -22.1433,-27 -39.1252,-22.3748 -16.9819,4.6252 -27,22.1433 -22.3748,39.1252l19.0689 69.8599z"/>
   <path id="_557076392" class="fil0" d="M1440.18 1398.16c4.48701,17.0516 21.9484,27.2374 39,22.7504 17.0516,-4.48701 27.2374,-21.9484 22.7504,-39l-18.4028 -69.9827c-4.48701,-17.0516 -21.9484,-27.2374 -39,-22.7504 -17.0516,4.48701 -27.2374,21.9484 -22.7504,39l18.4028 69.9827z"/>
   <path id="_557076272" class="fil0" d="M1637.37 1298.19c4.55552,17.0516 22.0736,27.1807 39.1252,22.6252 17.0516,-4.55552 27.1807,-22.0736 22.6252,-39.1252l-18.1925 -67.8969c-4.55552,-17.0516 -22.0736,-27.1807 -39.1252,-22.6252 -17.0516,4.55552 -27.1807,22.0736 -22.6252,39.1252l18.1925 67.8969z"/>
   <path id="_557076344" class="fil0" d="M755.912 1436.18c-4.6252,16.9819 5.39292,34.5 22.3748,39.1252 16.9819,4.6252 34.5,-5.39292 39.1252,-22.3748l19.0689 -69.8599c4.6252,-16.9819 -5.39292,-34.5 -22.3748,-39.1252 -16.9819,-4.6252 -34.5,5.39292 -39.1252,22.3748l-19.0689 69.8599z"/>
   <path id="_557075984" class="fil0" d="M547.427 1381.91c-4.48701,17.0516 5.69882,34.513 22.7504,39 17.0516,4.48701 34.513,-5.69882 39,-22.7504l18.4028 -69.9827c4.48701,-17.0516 -5.69882,-34.513 -22.7504,-39 -17.0516,-4.48701 -34.513,5.69882 -39,22.7504l-18.4028 69.9827z"/>
   <path id="_557075888" class="fil0" d="M350.235 1281.69c-4.55552,17.0516 5.57363,34.5697 22.6252,39.1252 17.0516,4.55552 34.5697,-5.57363 39.1252,-22.6252l18.1925 -67.8969c4.55552,-17.0516 -5.57363,-34.5697 -22.6252,-39.1252 -17.0516,-4.55552 -34.5697,5.57363 -39.1252,22.6252l-18.1925 67.8969z"/>
   <path id="_557075864" class="fil0" d="M991.999 1477.73c0,17.6728 14.328,32.0008 32.0008,32.0008 17.6728,0 32.0008,-14.328 32.0008,-32.0008l0 -79.4705c0,-17.6728 -14.328,-32.0008 -32.0008,-32.0008 -17.6728,0 -32.0008,14.328 -32.0008,32.0008l0 79.4705z"/>
  </g>
 </g>
 <rect class="fil1" width="2048" height="2048"/>
</svg>
